-1.5100605900642492
-1.5100605900642492
-1.5100605900642492
-1.5100595059277797
-1.510058422097969
-1.5118404859707493
-1.5143634633742786
-1.5157238592745221
-1.5167451968949464
-1.5169021962823432
-1.515766779318969
-1.5145344421311986
-1.5128123789526162
-1.5106679836018886
-1.5088635260793732
-1.5066387239744237
-1.5048352298896261
-1.5048521795462453
-1.503901311396452
-1.5009566679570732
-1.4981864146352144
-1.4958989634722153
-1.4937776366403128
-1.4917869394959464
-1.490185225794062
-1.4895000305289414
-1.4888784212991775
-1.4884524178913938
-1.488946967610305
-1.4894772083830556
-1.489452102952269
-1.488349097630076
-1.4884333306399753
-1.4900115979488495
-1.4917123064691107
-1.4927240704063645
-1.4946399162279715
-1.4977898707100805
-1.4990621136875044
-1.4985714407573285
-1.4983737043310423
-1.4977156634975068
-1.4972085142173526
-1.4973120950108376
-1.4974586293499357
-1.4976491041411797
-1.4993000962842693
-1.5002111251332817
-1.5004692081787954
-1.500620584452069
-1.5008258616349541
-1.5013869385370338
-1.5030605626970441
-1.5048625695911164
-1.505669737614972
-1.5062648607691844
-1.5067070318402087
-1.508644384583663
-1.5120564791381284
-1.5138323821831112
-1.5139851531168775
-1.515988697723802
-1.517720603187968
-1.518671979450748
-1.5206571511725984
-1.5217851756176555
-1.5232928875961158
-1.5265785355968355
-1.5288373163859155
-1.529656557714031
-1.529454651829918
-1.5303537118827344
-1.5308665237106165
-1.5320943500144537
-1.5358258841058623
-1.538462810653174
-1.5403868286777214
-1.542357757476449
-1.5438096391026108
-1.5450005654983943
-1.5468332403568301
-1.5494180910714594
-1.552057565349083
-1.5544837564460965
-1.5558482349166969
-1.5577591910259811
-1.560208836135327
-1.5617163799495153
-1.5626293488736418
-1.5640079084297644
-1.5664165556570384
-1.5677585752586105
-1.567469099480148
-1.5662287859168837
-1.5647862723654757
-1.5632517262477532
-1.5635578788416638
-1.5639390478685753
-1.5642848081271945
-1.5661874381765328
-1.5675821647166435
-1.5673320978652707
-1.566903855869144
-1.5672120356383972
-1.5679411135781924
-1.5688593747055986
-1.5707234562258603
-1.5732332643530493
-1.575649098858747
-1.5770917616331943
-1.5790074374793694
-1.5809747085045713
-1.5840448089497325
-1.5877556927806564
-1.5915263318588186
-1.5964094836226754
-1.601316460824719
-1.606243388271276
-1.611198426425354
-1.6165451994113118
-1.620939884363727
-1.624515181418634
-1.6282087565242394
-1.631471538411375
-1.634258584263125
-1.6365376837287515
-1.638839296202279
-1.641114436619359
-1.6418484083657028
-1.6404430302090822
-1.6383521180866134
-1.6366460931309437
-1.635752780733279
-1.6356938919478474
-1.6370779308001526
-1.640487683830189
-1.6449713693672874
-1.6490355918822481
-1.653629638458404
-1.6581694879087676
-1.6618563965463222
-1.6648212316166293
-1.6669687658453038
-1.667657215086032
-1.6665967742150496
-1.6650789685228196
-1.665191561132026
-1.666904254219331
-1.668667353812386
-1.6703439233999964
-1.6720506340436012
-1.6741068865717783
-1.6766433643749137
-1.6791469384141813
-1.6816409836770438
-1.683329199848094
-1.6841183272295788
-1.68466933655169
-1.6854945705904156
-1.6854581741693329
-1.6844830305567213
-1.6832111934363538
-1.6835611002928417
-1.6841056272714345
-1.684492988201303
-1.6848875687981435
-1.6853019659111308
-1.686501227412718
-1.6877594644438796
-1.6890673874946909
-1.6906350059976558
-1.6916736852054948
-1.6919051401053218
-1.691376346791759
-1.6914985306167996
-1.6927157895402618
-1.6946866989193858
-1.696927996264721
-1.6991501978711745
-1.701348584596143
-1.7043055539809706
-1.7079116840787263
-1.7111245923868024
-1.7129154372160906
-1.7131623735894788
-1.7130329157053241
-1.7136638342469601
-1.7140029378296635
-1.7145944103606359
-1.7157576555950236
-1.7184210815307868
-1.720744305267936
-1.722229950793011
-1.7231150071099313
-1.7232898128304441
-1.7237683193008446
-1.7251843988905313
-1.72657835917966
-1.7277844368759396
-1.728979051874111
-1.7301669974833078
-1.7313434845258269
-1.7325129313993033
-1.7336703642002536
-1.734057097270424
-1.7350360047158895
-1.736017572921071
-1.7370021563511193
-1.7379709349391583
-1.7379815703966757
-1.7383495404536942
-1.7394386071706662
-1.740490156889153
-1.741461832174377
-1.7421661173316934
-1.7425863740745768
-1.743568563540763
-1.7447390088345536
-1.7466095049189927
-1.748487093342916
-1.7503625056340406
-1.7529329875547166
-1.7555837782582655
-1.758572356723636
-1.7617811416599327
-1.7640678930778186
-1.7662957135090789
-1.7685085422303561
-1.76937996806743
-1.769342902823852
-1.7690102220636008
-1.7689390748027394
-1.7696016205919032
-1.7697766069226515
-1.7699357536691798
-1.7711139458243308
-1.772343460103264
-1.7730902495494836
-1.773149436580846
-1.7734338499306288
-1.7741393494323807
-1.7750188342629953
-1.7756909617818732
-1.7754252002444852
-1.7753917163965234
-1.7756760369921603
-1.7753180125174688
-1.7746890886467184
-1.7747551327186528
-1.7749155809768467
-1.7751434703087896
-1.7759044756465725
-1.7772093275909555
-1.778529203995792
-1.7797902416413371
-1.7801524998517968
-1.779923585516757
-1.7805478169295712
-1.781702713864603
-1.783041320118928
-1.7841374218682065
-1.7849853484112095
-1.7853932392731249
-1.785792212337362
-1.7861845869525628
-1.7871134312347758
-1.789214809840764
-1.7917480475321432
-1.7938202311725124
-1.7955534391604768
-1.7967171755178613
-1.7978768362617346
-1.7990320422457389
-1.8002234117928448
-1.8025264059700843
-1.8048106140049147
-1.807097030219555
-1.8100753399208422
-1.8130622961599148
-1.8152244359156782
-1.816889729777765
-1.8190416018075237
-1.8211792148241068
-1.8228118103870439
-1.8239221974350608
-1.8250073522182988
-1.8263861998281943
-1.8277642367708753
-1.8288686363828235
-1.8297022510351275
-1.8307242897964504
-1.8322339240910268
-1.8337183897119993
-1.8350801194036968
-1.8370093032358403
-1.8385226944875221
-1.8390149851289583
-1.8398603557455655
-1.8403448968082479
-1.84048392060849
-1.4995451246692926
-1.499543313145101
-1.498853389408103
-1.4988150368622337
-1.4992907442860006
-1.4989293582251215
-1.4973419914674164
-1.4941062718933282
-1.4893808374187572
-1.4853714421241422
-1.4840413955710796
-1.485076319740868
-1.4866414050982406
-1.487782337319662
-1.487916928219941
-1.488088538123522
-1.4884345648656883
-1.4888400914761775
-1.4883145138552745
-1.4868747844309005
-1.4854479531655063
-1.4846799659593468
-1.4849290193986893
-1.4851807366753036
-1.4861720661717885
-1.4882251698274787
-1.490501377238115
-1.4911129932946294
-1.4905167130180963
-1.4899276684346388
-1.4890466480831106
-1.4882454178083306
-1.4896651523541962
-1.492924463569302
-1.496370333727991
-1.4976485609281278
-1.4972469835201558
-1.496865364451406
-1.496548990839035
-1.4962831070212725
-1.4962971306962527
-1.4963468471873544
-1.4964348384302015
-1.4965706778243915
-1.496881173708238
-1.4978403834655691
-1.4988169979784778
-1.5006647983534442
-1.5035476936988053
-1.5065307322531547
-1.5095145655121742
-1.512528757994252
-1.5158860142843285
-1.5196530732532663
-1.5234424772690431
-1.5256224620495953
-1.526697427453563
-1.5277878877934183
-1.528907193703266
-1.53007567353833
-1.5332556889918023
-1.5384008205061068
-1.5424484265150427
-1.5458205170548323
-1.549195888367814
-1.5506276055202943
-1.5507251866948861
-1.5507870130917076
-1.550142874930739
-1.548797217632039
-1.5478162622122005
-1.548822639694965
-1.5506118868849625
-1.5516541014330048
-1.552213495758929
-1.5527803685282922
-1.5533386815647723
-1.5545853858164458
-1.556880475974679
-1.55980150258935
-1.5638755957410688
-1.567879091557555
-1.571017174757412
-1.5737313518611373
-1.5773962843977438
-1.5819284550313453
-1.5869138780052723
-1.5914031273012248
-1.5953259165205873
-1.5988685505706952
-1.6034917279169116
-1.6090190314960624
-1.6132538761094724
-1.6164646232755944
-1.6200885823463969
-1.6248380020658475
-1.6282127598291818
-1.629649898264889
-1.6301805657242374
-1.6307043045385583
-1.631450816728809
-1.6329018110335478
-1.6359111558695205
-1.63941721940753
-1.6428090171739682
-1.6465211768746402
-1.6507171598581543
-1.6557882156519845
-1.6607711051459058
-1.665499286605956
-1.6694788992464231
-1.6735091190089546
-1.6770470027511646
-1.67919205419479
-1.6813356973281932
-1.6841009073426991
-1.6854659681422648
-1.6866396631171143
-1.688861196638605
-1.6911300187452811
-1.6926022121150894
-1.6945836038510143
-1.697529295615872
-1.7001742699438842
-1.701278242219923
-1.7014859001219258
-1.7024204119264992
-1.7037977893187528
-1.7044625528777795
-1.7042075978038924
-1.7043366250926175
-1.7044706186181275
-1.705234525003227
-1.7065265461341457
-1.7077859171055592
-1.7087158280102288
-1.7091161679779665
-1.7096835895821203
-1.7113783245162655
-1.7142843224148598
-1.7179809547377922
-1.720950103758232
-1.7229388883950327
-1.7243313563783749
-1.7257242645042892
-1.7271294507495512
-1.7285384856355646
-1.7299615753142357
-1.7306604836148134
-1.7318240307062294
-1.7330535674593335
-1.7342220254964222
-1.7350628645582014
-1.7368189455957437
-1.7392683476687405
-1.7416909636007838
-1.744173795807162
-1.7466366915438722
-1.749493314879937
-1.7522887620200156
-1.7550392021877712
-1.7581633270560437
-1.761120896700298
-1.7633176186392356
-1.765061095203843
-1.766372060864072
-1.767610249882205
-1.7692105533593678
-1.771106667265091
-1.7723983528562814
-1.7730181221118442
-1.773074061947482
-1.773401412128195
-1.774192897674833
-1.7753969124347542
-1.7769215763829296
-1.777493865991406
-1.7776690662057664
-1.778113365294227
-1.7789697483912317
-1.7793991843797317
-1.779830666348791
-1.7814204774595992
-1.7832201715046285
-1.7843342152722588
-1.7850655677931406
-1.785417119005537
-1.7863994718065006
-1.7875045026535752
-1.7886165783666828
-1.7893458935545197
-1.7903685435939742
-1.7914187615603416
-1.7912122864510216
-1.7904296260584562
-1.7901899048301804
-1.7901481665645242
-1.7900831624881968
-1.7912738710266154
-1.793774755644717
-1.7969120866488453
-1.7999719285044655
-1.8019998893187255
-1.8035942862380248
-1.8051801587202365
-1.806426437490298
-1.8073295204445046
-1.8082283143074425
-1.809397025248479
-1.8108943835449365
-1.8123889618871347
-1.8135572586561648
-1.8148913077915918
-1.817074921663027
-1.8191947022164137
-1.8212367790754844
-1.823005723893096
-1.8247494722970494
-1.8264585663836255
-1.8274758197576508
-1.8277407128868046
-1.8280854254007788
-1.8290950647583752
-1.8300899747669819
-1.8310645111301982
-1.8327525027430667
-1.8344068287589317
-1.8351387041971172
-1.8358211207231654
-1.8365172377933079
-1.8373640512672489
-1.8382634255159402
-1.8387295828470291
-1.8388020354651937
-1.838243504536602
-1.8373126850556187
-1.8371122834214166
-1.8375946946873911
-1.838914671677727
-1.8402962269785148
-1.8412942775516727
-1.8418918022254547
-1.842261918739501
-1.8425197843799095
-1.8425168520429618
-1.842513907967676
-1.8423671095263057
-1.8419401168759602
-1.841769793593033
-1.8424187735700042
-1.842923568376045
-1.8430738795629134
-1.8434925816232637
-1.8436653074641858
-1.8438546290027804
-1.8442420921701297
-1.844630207848592
-1.8449597216043612
-1.8446853927325217
-1.844160489100513
-1.8436954972964323
-1.8436370280840022
-1.8442421910775817
-1.8456172741450247
-1.8462543445194988
-1.8461519575343353
-1.8464642710371129
-1.8474244273776779
-1.8484568818939997
-1.8494861928361552
-1.8505107353989079
-1.8509021157382222
-1.8509057203632535
-1.8512243960464712
-1.8519487418516822
-1.8523593555282423
-1.8525118971573782
-1.8528159773606863
-1.8534045808748632
-1.8536782249164006
-1.8530891401996352
-1.8523777655385874
-1.8519568051973154
-1.8518218757913028
-1.851824871090054
-1.8518282164997815
-1.8521288715201698
-1.8530348928873757
-1.854558787714522
-1.8564422097682913
-1.8587388266566198
-1.8606740873690666
-1.8617227406012509
-1.8622230581113453
-1.8622876563468898
-1.8626571208954765
-1.863542288661369
-1.8642185950211752
-1.864744283408646
-1.8655164031611406
-1.5569546640847294
-1.5569555295442083
-1.557328568518833
-1.558379737490222
-1.5603733974312162
-1.5630642164289763
-1.5665604230383945
-1.5693777449674822
-1.5709040120857636
-1.5734236525600318
-1.5756211803065407
-1.5760579352755943
-1.5765440294966877
-1.5788463257048935
-1.5830061374328874
-1.5872841931978396
-1.59169675103993
-1.5944828062213348
-1.5954549805609504
-1.5973434830772315
-1.5995904904876517
-1.6012296854012806
-1.6029262654151084
-1.6036853523696677
-1.6028361154503008
-1.6008527965004828
-1.599816751774387
-1.6002987065747145
-1.6014597298805413
-1.60149753504471
-1.600932232370074
-1.6009310570125121
-1.6009305268507164
-1.6014142105158626
-1.6019132261563493
-1.6003538785827682
-1.598137229951635
-1.5970976499855594
-1.5970027613615576
-1.5977433555946652
-1.5984346111921708
-1.5991155963851673
-1.5986587423462755
-1.5986003105900213
-1.5992720635964193
-1.5992806490648803
-1.5991488567922332
-1.6009090031165494
-1.6035675562268485
-1.606611661667935
-1.6104169668778403
-1.614194161914472
-1.617243481699278
-1.6195703217602166
-1.6223052599822902
-1.6234779970399593
-1.623601201850702
-1.6246724922661868
-1.6248999740650436
-1.6244979065098946
-1.6229856122314241
-1.6217589192717141
-1.6217872213430478
-1.622800992416062
-1.622800992416062
-1.6265428200022956
-1.6274132824315304
-1.6276248558669164
-1.627840778833061
-1.628035222332548
-1.6288370626625728
-1.6292863276692124
-1.628823397367349
-1.6282965782593668
-1.6279308847707936
-1.6273338265633361
-1.627610369396751
-1.6291350378508733
-1.6305645079745956
-1.6313939466017826
-1.6323238729865333
-1.634250457317353
-1.6361793526682202
-1.637097341018554
-1.6379779194261728
-1.638866840017415
-1.6387658894979338
-1.6386488382587774
-1.6385793358217864
-1.6380819328811302
-1.6394921988208444
-1.6424597600132746
-1.6449041463763767
-1.6454318893049191
-1.6459658252043963
-1.64756019745555
-1.6483289068975537
-1.6476686981550093
-1.6476137519526783
-1.6477712874787889
-1.6482524187351584
-1.6497637937905423
-1.6529839593728415
-1.6569815030961585
-1.6614884868406168
-1.6647694434441886
-1.6655086233170442
-1.6664161943360145
-1.668603083490165
-1.6697114087065048
-1.6703322147275688
-1.6712267973655464
-1.6734384386899595
-1.6763685334566012
-1.677950821856666
-1.6784899520026617
-1.680112920830874
-1.6824275919124956
-1.6847479955915392
-1.6870698332181058
-1.6894125528864126
-1.6927689027442527
-1.6964367579762796
-1.6988432336703214
-1.699376930577397
-1.699682143777061
-1.7001197729070854
-1.6992814121479198
-1.6991492960892902
-1.6998159999868785
-1.7004793213419331
-1.7009682471869916
-1.7013058736321742
-1.702824186899409
-1.7043483787085043
-1.7058136233568928
-1.7069464074793828
-1.7074787236445634
-1.7078153058029295
-1.7069195993158979
-1.7056926062960183
-1.7059854671684382
-1.707269020473525
-1.7085614734136945
-1.7098587408839023
-1.7117453088146353
-1.7136284913928472
-1.7155028796367167
-1.7173630814011829
-1.7188915328651313
-1.7198175267566689
-1.7202754191351315
-1.7210601860460986
-1.7210306841008403
-1.7207299109341507
-1.7210829518669457
-1.7216050883455956
-1.7224569236058667
-1.725042955405068
-1.7284511814730146
-1.731660111492939
-1.735179192409107
-1.7393206638011687
-1.7430383412983501
-1.74583060031024
-1.7476341541323532
-1.7484917177509578
-1.7487016939159783
-1.7496610389644034
-1.7518052070607855
-1.753956001093141
-1.7551871046780838
-1.755519054019264
-1.7559082689711065
-1.7567832292470411
-1.7578109206994954
-1.760247838574795
-1.7639210961090588
-1.7675491886767962
-1.7703384547044718
-1.7728357876861014
-1.774885920967971
-1.7773599489647798
-1.7796102008236239
-1.780679827569251
-1.7813950702194454
-1.7813950702194454
-1.7821369859469804
-1.7826973808013338
-1.7830213110018445
-1.7837571012105513
-1.7837608947815005
-1.783568594464626
-1.7826621554120377
-1.7816036789767282
-1.7811975925871417
-1.7821873416689828
-1.7838670475646077
-1.784967011586244
-1.7861227842843659
-1.7875811462910098
-1.788723855153978
-1.790113157074285
-1.7923840467875034
-1.7946269883186832
-1.7962071416570367
-1.7977984450441928
-1.800228284592506
-1.8030081533344737
-1.8059331482939904
-1.8088261398122212
-1.8112758686217951
-1.813890434465457
-1.8166993656359085
-1.818876335876709
-1.8199276134801827
-1.8205461524621613
-1.8205461524621613
-1.8216286842311622
-1.8217963588716444
-1.8215529698278619
-1.8210076952499898
-1.8207953122355007
-1.820794657559668
-1.8207941917863748
-1.8209274533053055
-1.8214904404990082
-1.8226516034324596
-1.823758595419166
-1.824840147359069
-1.8263131928253644
-1.8283208218155234
-1.8304774859658908
-1.8321151964389037
-1.8332318341042533
-1.8343746454046101
-1.8355127627206707
-1.836639111241706
-1.8378609852216243
-1.8396887914737805
-1.8416056330885446
-1.8427718414640974
-1.8437719640248786
-1.844897107883166
-1.845992369199298
-1.8471113352533004
-1.848005464982072
-1.8481000248638264
-1.8478157755792275
-1.8481806070132183
-1.8493050115549683
-1.850684933145247
-1.8520617879436074
-1.8529457384303636
-1.8539042281747053
-1.855315648760489
-1.8571191079117004
-1.858880823135806
-1.860068887307207
-1.860504284518107
-1.8605065169810062
-1.8599932021061367
-1.8591766759674444
-1.8587399975338994
-1.8587235976966583
-1.8587307061587026
-1.8583955808826889
-1.8579718536256717
-1.857907456640862
-1.857907598292448
-1.8579077594758484
-1.8579079239646932
-1.8580282876398209
-1.8581424328516967
-1.8582639063634345
-1.8583833352387051
-1.8585080439333281
-1.8590102447967973
-1.8594657685869664
-1.8602846446654469
-1.8614947540532825
-1.8622377298988788
-1.8628491673713614
-1.8634976354850072
-1.8637332484229314
-1.8639450307315273
-1.8641563850408631
-1.8641557139010627
-1.864365902969952
-1.8645713992474773
-1.8645706341081132
-1.864776515893343
-1.8649738333941215
-1.865170731195588
-1.8657760652395974
-1.8663719658057663
-1.8665426939321272
-1.8665412604771805
-1.8670990453165666
-1.8673656301663626
-1.5351101647359213
-1.5351108273428609
-1.5347629514134613
-1.5344714725678954
-1.5341884910227654
-1.53470629011255
-1.5359655120958529
-1.5363148592147202
-1.5380744944209894
-1.5391577849975748
-1.5392451621409506
-1.5393795018834007
-1.5409987813031985
-1.5437549575903833
-1.546667672026123
-1.5477975757131817
-1.5489024968816718
-1.5516660442576302
-1.5534046185352888
-1.551740381666109
-1.5487737859677118
-1.5456563822373552
-1.5426896790299476
-1.5401304009970773
-1.5367560631418689
-1.5332680590442753
-1.5306244496995594
-1.5283403163618736
-1.526510641571893
-1.5248530745373943
-1.52363056027384
-1.5230538741787476
-1.522056106153738
-1.5202283709622924
-1.5186287608588407
-1.5170278499427643
-1.5169690242633596
-1.5194728733144123
-1.5204748755823063
-1.5201692345479176
-1.5202274963706044
-1.5204465899828303
-1.520291281755365
-1.520293031766979
-1.519991992047092
-1.5190590932624592
-1.5174554560457407
-1.5158294540149995
-1.5150338374351549
-1.516487357983586
-1.518109870579977
-1.519826226038023
-1.5231431506808808
-1.526281393859275
-1.5295355985715153
-1.5335850841168388
-1.5369519676092935
-1.5373628169279874
-1.5377754080088453
-1.5410629441421195
-1.544666423635866
-1.5483686854889043
-1.5528477437197865
-1.556637168096909
-1.5597720410689662
-1.5619010956435992
-1.5646528484871856
-1.5684585791075376
-1.5729495201324575
-1.5774193900340068
-1.5819174481459344
-1.5871661708589886
-1.5929060343723516
-1.597171640231241
-1.5998080566418986
-1.6020106177836255
-1.6044444914440916
-1.6060736919765537
-1.6064853389663405
-1.6081236829452676
-1.610213466379817
-1.6110893663937158
-1.611233786950229
-1.610565634046651
-1.6105411208216425
-1.6114914105589007
-1.6124564992866621
-1.6134376322646402
-1.6163064583200546
-1.6190506534179394
-1.62253801704719
-1.626428044283397
-1.629087593680216
-1.6299090350299865
-1.6305643511214964
-1.6324951330464033
-1.6356758035973884
-1.640071477492461
-1.6444977712760656
-1.6487240940519152
-1.6532974141012988
-1.6581618079603233
-1.6620926963781968
-1.6651157370406569
-1.6672535056923703
